171
859 1607
968 1574
1021 1553
991 1470
663 1440
1442 1317
1510 1108
1425 1373
1619 944
1441 899
1980 986
1970 848
1958 754
1932 711
1697 762
1658 836
925 1510
860 1811
723 1898
657 1498
1157 1391
1190 1396
1157 1363
1188 1365
1275 1379
1461 1401
1345 1296
1272 1344
1352 1227
1362 1198
1420 1145
1384 1259
1492 1373
1484 1281
1454 1119
1465 1138
1476 1211
1780 1157
1702 1056
1918 1038
1955 999
1851 838
1887 910
1861 881
1882 810
1771 745
950 1331
974 1244
1030 1232
1072 1188
1096 1077
1027 963
959 922
877 925
808 897
728 776
718 711
736 642
772 594
853 522
982 405
1060 329
1130 314
1196 339
1208 423
1280 464
1337 597
1401 645
1720 683
1984 594
2168 571
2121 842
2093 938
2033 1015
1811 1195
1648 1371
1578 1419
1045 1797
1721 925
1666 867
1691 839
1777 846
1823 811
1487 1006
1488 1040
1629 871
1121 1192
1192 1211
1226 845
1261 733
1174 688
1188 594
1319 618
1315 656
1225 646
1222 601
1169 525
1150 492
1064 472
1264 1088
1255 1223
1207 1078
1403 1340
925 1575
892 1536
786 1608
718 1511
771 1564
721 1743
696 1657
900 1905
931 1790
1106 1381
940 1365
875 1358
720 1378
731 1411
752 1471
717 1284
714 1324
807 1451
858 1434
876 1487
547 1547
562 1588
529 1601
576 1628
689 1589
612 1678
829 1604
825 1654
866 1753
854 1771
742 1950
774 1946
872 1916
681 1388
745 1852
710 1765
697 1818
995 1777
1252 1317
2056 544
2109 543
1855 652
1252 805
1556 1237
1533 1330
1562 1299
1601 1297
1659 1253
1613 1201
1719 1009
1605 1154
1654 1063
1617 1106
1739 798
1713 777
1426 1073
1443 1082
1459 932
1549 697
1590 706
1465 639
1500 652
1519 783
1489 789
1476 910
937 1409
884 1521
762 1642
0
209
16 3 0
3 2 0
16 1 0
16 16 0
21 20 0
20 22 0
23 21 0
21 22 0
22 23 0
23 20 0
23 24 0
27 26 0
27 24 0
30 29 0
29 28 0
28 31 0
26 31 0
24 25 0
7 25 0
25 32 0
5 33 0
33 32 0
30 34 0
34 35 0
35 6 0
35 36 0
38 37 0
8 38 0
37 39 0
40 10 0
40 39 0
41 43 0
43 42 0
42 40 0
42 11 0
41 44 0
44 12 0
13 12 0
25 76 0
76 75 0
75 74 0
74 73 0
73 72 0
72 71 0
71 70 0
66 67 0
66 65 0
65 64 0
63 64 0
62 63 0
61 62 0
61 60 0
59 58 0
59 60 0
58 57 0
57 56 0
56 55 0
55 54 0
54 53 0
53 52 0
52 51 0
51 50 0
50 49 0
49 48 0
48 47 0
47 46 0
46 22 0
45 82 0
82 41 0
81 82 0
80 81 0
79 80 0
15 80 0
79 78 0
83 84 0
83 85 0
85 79 0
90 89 0
87 86 0
50 86 0
87 23 0
91 90 0
60 98 0
98 97 0
97 96 0
96 91 0
91 95 0
95 94 0
94 93 0
92 93 0
92 66 0
88 101 0
101 87 0
101 99 0
87 100 0
99 100 0
102 5 0
33 36 0
16 103 0
0 103 0
103 1 0
1 2 0
104 16 0
104 103 0
106 106 0
109 108 0
17 111 0
111 110 0
112 77 0
112 20 0
114 113 0
113 46 0
113 112 0
115 116 0
116 117 0
4 116 0
118 46 0
119 114 0
119 115 0
118 119 0
117 120 0
120 121 0
121 122 0
122 16 0
19 117 0
19 106 0
117 106 0
106 107 0
123 19 0
123 124 0
124 126 0
125 124 0
126 127 0
127 107 0
127 109 0
128 109 0
105 129 0
129 0 0
129 130 0
130 131 0
131 132 0
134 135 0
135 110 0
18 133 0
133 134 0
136 115 0
138 137 0
138 108 0
139 18 0
139 138 0
103 140 0
140 77 0
111 140 0
100 141 0
141 28 0
141 27 0
69 142 0
143 142 0
143 70 0
68 144 0
144 69 0
89 145 0
145 88 0
35 146 0
33 147 0
36 148 0
148 147 0
148 149 0
32 147 0
149 150 0
150 37 0
37 74 0
151 150 0
151 153 0
152 43 0
38 152 0
155 154 0
153 155 0
154 38 0
80 156 0
156 81 0
14 157 0
157 156 0
45 156 0
68 45 0
158 159 0
159 84 0
159 34 0
160 159 0
9 160 0
67 163 0
163 164 0
164 161 0
161 162 0
162 68 0
161 165 0
166 165 0
166 167 0
160 167 0
106 127 0
113 168 0
168 16 0
121 168 0
107 169 0
169 104 0
169 16 0
122 169 0
109 170 0
170 105 0
-1
